0 0.6836679681242452 0.5531096935272217 0.0939685207812192 0.195853328704834
0 0.468410287369689 0.44695382118225097 0.11730222972785637 0.20711784362792968
0 0.6313233781688221 0.2065913200378418 0.08643783906280807 0.15848245620727539
0 0.11118042017759208 0.7870993375778198 0.13830604839024108 0.235697603225708
0 0.5889420253621291 0.5333560466766357 0.0844425598529611 0.19867591857910155
0 0.4552114769487351 0.09103617072105408 0.08136879232027554 0.1700034737586975
0 0.21738852913071305 0.7742446422576904 0.10887923376041256 0.22248220443725586
0 0.1691827112191859 0.056283628940582274 0.058738407652460814 0.11256725788116455
0 0.5477432407415251 0.20870938301086425 0.07545021129331378 0.1748481273651123
0 0.27724116532960524 0.09918701350688934 0.07013006240411512 0.17742772698402404
0 0.3907700667998016 0.4425986289978027 0.07363471623850922 0.17273893356323242
0 0.42013223088502133 0.027944916486740114 0.035108163153711555 0.05588983297348023
0 0.5831751778298748 0.029153817892074586 0.027541957819123372 0.05830763578414917
0 0.4986447836698418 0.019548201560974122 0.034071696669521395 0.03786152005195618
0 0.800811176205498 0.5515873015873015 0.0968904912122578 0.1547619047619047
0 0.857142857142857 0.49404761904761896 0.08787742226228024 0.12698412698412692
