0 0.061795710027217864 0.5799032183098926 0.05775778591632843 0.20741092519707247
0 0.539848518371582 0.7244192342000175 0.07020330429077148 0.2879423222568251
0 0.5764252185821533 0.9440453083369736 0.0766519546508789 0.08848697993759748
0 0.2803203821182251 0.6228954734731734 0.0665743350982666 0.2231614294422312
0 0.46088013648986814 0.7322370455137243 0.07866554260253907 0.2726721983960728
0 0.8893585205078125 0.4694113493406398 0.06568641662597656 0.2092191692641394
0 0.354932165145874 0.6250815559006443 0.06346421241760254 0.21825347942697804
0 0.37563040256500246 0.92879875310027 0.09571394920349122 0.11675921032917919
0 0.1357398271560669 0.514480666620674 0.06027195453643799 0.19277727758157276
0 0.832865047454834 0.5174102095711474 0.06770153045654297 0.24311665025524204
0 0.664835262298584 0.41400051161013335 0.04912862777709961 0.17540562835947202
0 0.7491145218417945 0.6672751714761461 0.08972845336481701 0.15123508654007728
0 0.43643975257873535 0.5390959967086143 0.062452507019042966 0.2072432301181081
0 0.46786041259765626 0.43053288336381895 0.04943132400512695 0.20009894467986666
0 0.7804445743560791 0.40509151002175264 0.05618925094604492 0.20706088177157417
0 0.600141191482544 0.4882295999861909 0.04710674285888672 0.20287452034941442
0 0.6393111705780029 0.3624113386087188 0.040360450744628906 0.16202207413706893
0 0.5474555492401123 0.48561718459490705 0.0537841796875 0.19103455675727998
0 0.7275660037994385 0.4243551120299729 0.060604000091552736 0.20354184557902394
0 0.38131979703903196 0.3281561636439974 0.04712202548980713 0.14270351466321682
0 0.807556438446045 0.27068388880731437 0.035971641540527344 0.1346516829541783
0 0.5606505393981933 0.2858675429649141 0.04344234466552734 0.16670223525183037
0 0.375414514541626 0.5321860710045326 0.05504417419433594 0.18135315829857
0 0.43848476409912107 0.18801900683841952 0.03503284454345703 0.12770615752214864
0 0.7810830116271973 0.2727753265507781 0.03424139022827148 0.12545837712596392
0 0.4127809166908264 0.43142026982333875 0.054501891136169434 0.12842629621297727
0 0.5999600410461425 0.3289738930968392 0.042254161834716794 0.11808395826441964
0 0.4876376152038574 0.18438530497101452 0.03268375396728516 0.11589476008952876
0 0.3590646982192993 0.42586083553194337 0.04304943084716797 0.16213587604036173
0 0.26741440377804016 0.17996211484700816 0.03541912632821724 0.126793052351782
0 0.31582054309327035 0.09517880875635877 0.03069657615112159 0.09165762820610747
0 0.45631641086186536 0.08066635095705842 0.025974025974025983 0.09624050961641283
0 0.5672963400236127 0.08524923236736379 0.03069657615112159 0.10235101816348668
0 0.6033057851239669 0.07455584240998459 0.03423848878394332 0.09624050961641283
0 0.4905548996458088 0.06768152029452652 0.02125147579693037 0.0580498311972014
0 0.5206611570247934 0.1043445715769695 0.03659976387249117 0.07027084829134904
0 0.5153482880755608 0.1967660133514612 0.025974025974025983 0.11762728953117124
