0 0.7435636043548584 0.5308725560506184 0.08963069915771485 0.39873801294962563
0 0.4114789366722107 0.27015114498138426 0.05523054599761963 0.331298495610555
0 0.8220394134521485 0.519436341603597 0.0851480484008789 0.3431905428568522
0 0.887172794342041 0.7708327528635661 0.10330448150634766 0.41768943023681643
0 0.14630262851715087 0.6460809853871663 0.10165171623229981 0.38022218958536785
0 0.8602450370788575 0.6467057253519694 0.09560985565185547 0.3630489616394043
0 0.9305907249450683 0.5556953296661377 0.07348842620849609 0.24744033559163411
0 0.5084175586700439 0.04847431596120198 0.02813720703125 0.08943776003519693
0 0.45267157554626464 0.04404525025685628 0.029224109649658204 0.0727339407602946
0 0.34786963347950844 0.23617021276595748 0.07038059661090358 0.35366430260047277
