0 0.36493128538131714 0.863747220360831 0.07887585163116453 0.2020442595642603
0 0.09281048774719237 0.9283537304803225 0.10756714344024657 0.13984434658221984
0 0.4649042129516601 0.8669723937015855 0.09001865386962887 0.20368092910627292
0 0.5690092086791992 0.8686863457218984 0.07474117279052728 0.20188491424817723
0 0.16839748620986938 0.48062965541743163 0.05915668010711669 0.1477266282178043
0 0.9437095642089844 0.5900688393732135 0.06577243804931637 0.16847280893432956
0 0.559568977355957 0.5672295372137862 0.06440267562866214 0.19026178402847113
0 0.6092772006988525 0.5528364542494999 0.05290803909301761 0.1716728491729565
0 0.4946932315826416 0.5079196654009015 0.06131973266601559 0.17241829553346952
0 0.6794658660888672 0.5441897496748506 0.06747846603393556 0.18847644047790696
0 0.35157170295715334 0.5518786923269207 0.06201105117797853 0.1695527838856986
0 0.5090813159942627 0.32939059771178814 0.043561172485351546 0.13383784903569163
0 0.7497661113739014 0.13704864508315417 0.035034275054931674 0.09201400105872848
0 0.8617589950561523 0.5063515626312641 0.05886535644531244 0.16852012966456034
0 0.821980357170105 0.34560865533820695 0.05319561958312985 0.15146078912729624
0 0.4289286255836487 0.4988911115051655 0.05837609767913815 0.1650652334931191
0 0.7248754978179931 0.2894815009966325 0.04393310546874998 0.12894459581107234
0 0.4548786640167236 0.3659658282660367 0.04061422348022464 0.13844761245706105
0 0.8011563301086425 0.5212222469656654 0.06577930450439456 0.18866137761748236
0 0.7706022262573242 0.28960332773374703 0.04150209426879886 0.1330558498253983
0 0.6512805461883545 0.22855843289682035 0.03876667022705072 0.11540283934119043
0 0.40450935363769525 0.3871191362651546 0.0457267761230468 0.13163772479871683
0 0.5887281894683838 0.41553892868288445 0.06024942398071284 0.15586289662993355
0 0.5093439102172851 0.19127926422973698 0.03361577987670897 0.11007958312382858
0 0.6794464588165283 0.40812439797969347 0.0591489791870117 0.14886232574334304
0 0.7172577857971191 0.13476840153838812 0.02909116744995111 0.08802351147940987
0 0.6010356426239013 0.16157721281051635 0.028909301757812454 0.10228607614388625
0 0.4158717751502991 0.2818128869439779 0.050819468498229964 0.11860897574531899
0 0.5762499174427053 0.30472512038523275 0.04292979327653393 0.08276484751203855
0 0.5502443695924972 0.2190342429106474 0.0470576580146622 0.06855270197966826
0 0.5989531735024106 0.24369649545211342 0.037150782643154336 0.09112493311931515
0 0.5556105937520639 0.07691278758694489 0.031371772009774826 0.07858480470840021
0 0.6257842943002444 0.32437132156233284 0.03962750148603128 0.11871321562332797
0 0.6332144508288752 0.15925963081861957 0.029720626114523422 0.09112493311931516
0 0.5518955154877485 0.3135032102728732 0.03549963674790301 0.12372926698769392
0 0.5560233802258767 0.17096375066880687 0.037150782643154336 0.06771669341894063
0 0.6121623406644211 0.05726658640984484 0.022290469585892588 0.07942081326912788
0 0.5865695792880259 0.0756587747458534 0.022290469585892588 0.08109283039058321
0 0.650551482729014 0.06646268057784913 0.031371772009774826 0.07942081326912788
0 0.681510468264976 0.07231474050294276 0.025592761376395233 0.08945291599785983
0 0.6744930982101579 0.18977394328517924 0.03302291790502607 0.10868111289459606
