0 0.7742754960423195 0.8408376932144165 0.09763134990246766 0.23622660636901852
0 0.9168243432408056 0.837326693534851 0.11498141700241159 0.2726328372955321
0 0.2504654348602553 0.6830480575561523 0.0928317424206161 0.22295045852661124
0 0.8239968633490368 0.43964966535568245 0.08228543155689538 0.1574869394302368
0 0.6868900708942447 0.6931942462921142 0.08831319034402142 0.20084705352783194
0 0.42747289105720326 0.7286092042922974 0.07689602040195621 0.1921445369720459
0 0.5189843355298244 0.754909896850586 0.09666036212101399 0.2090534210205079
0 0.3364479721701892 0.7038777828216553 0.07333037429654658 0.20447511672973637
0 0.5966394661646809 0.7606587409973145 0.08039335744635101 0.20671157836914067
0 0.184172115592182 0.605897617340088 0.08726048146811032 0.17199764251708977
0 0.719031221693139 0.2626347064971924 0.05410403430764451 0.141347885131836
0 0.0909127356437257 0.6256240367889404 0.08497706919958951 0.1907520294189453
0 0.6003513957441559 0.4387514591217041 0.06524851100295535 0.1515850067138672
0 0.7425869877971772 0.0849670872092247 0.03574670720624845 0.08562300503253938
0 0.39741113486427143 0.25914502143859863 0.04454589709009211 0.13154964447021486
0 0.5776958648726823 0.16626845002174376 0.03537953242836063 0.10271424055099485
0 0.6440152208615479 0.2692315101623535 0.057259608848042494 0.14279780387878416
0 0.5368288016763032 0.5801995754241943 0.06850301965239086 0.1772904396057129
0 0.4427661929638858 0.4276260852813721 0.07829380406542677 0.17609825134277352
0 0.5957390680329248 0.27091526985168457 0.050107139742313886 0.13147754669189451
0 0.4579956383874574 0.5876812458038331 0.07711365372194653 0.17884531021118172
0 0.43525170755467035 0.2945261478424072 0.04797359473007379 0.12457818984985355
0 0.6255173117577929 0.10615463256835937 0.04172402154370615 0.09920618534088134
0 0.5761662414634692 0.08922444134950637 0.038113198062490125 0.08445874154567719
0 0.3409732031136399 0.5380861759185791 0.06910053388721447 0.1944616317749024
0 0.34676502957158484 0.40662293434143065 0.07494823476788154 0.1219104766845703
0 0.2730777431462219 0.5098758220672608 0.0766403229708599 0.17514343261718754
0 0.5289715763679413 0.32864644527435305 0.05080065590072606 0.13538508415222172
0 0.18195790154276362 0.4946158409118652 0.07807314353545909 0.11480865478515627
0 0.43805319355224 0.21970201134681702 0.047512372818896836 0.0639128565788269
0 0.24446631444455952 0.1421748491372775 0.04834421078075898 0.09703732904751795
0 0.526761973825063 0.24376080298389785 0.05352394765012599 0.06368074718743368
0 0.45942539452329145 0.12852897473997027 0.046617631824303306 0.09703732904751795
0 0.4999999999999999 0.16340176486642202 0.04143789495493629 0.09400491251478303
0 0.5336682896508856 0.19296782606058765 0.03971131599848062 0.04700245625739147
0 0.5284885527815186 0.12094793340813291 0.03625815808556928 0.09400491251478303
0 0.5457543423460754 0.06105770688661793 0.029351842259746404 0.05609970585559632
0 0.28763078835595146 0.07015495648482274 0.031078421216202266 0.059132122388331265
0 0.4464760523498739 0.0739454771507414 0.0379847370420249 0.05458349758922886
0 0.4956835526088607 0.07849410194984381 0.03280500017265794 0.07277799678563848
