0 0.6624777675871067 0.8792683362960816 0.14175589826194737 0.21545777320861817
0 0.7922151878127286 0.8884828567504883 0.12688152606670672 0.19739990234375
0 0.4922523179580535 0.09316844046115876 0.04092889485949258 0.09082571864128113
0 0.5369409414438101 0.09601005911827087 0.035743573038873065 0.08730241060256957
0 0.746355937077449 0.32532944679260256 0.05538197903330111 0.14436078071594238
0 0.6760479726121578 0.3548874020576477 0.06030113960189564 0.16101176738739015
0 0.4516223665065191 0.5462318420410156 0.07092910307306909 0.17457981109619142
0 0.748297892286626 0.7254786491394043 0.12983743163654238 0.21326828002929688
0 0.8553500893123971 0.7362934350967407 0.08570799939209801 0.22266077995300293
0 0.6019242455728078 0.5537793636322021 0.08399339503667826 0.16256313323974608
0 0.2699754644795804 0.5262519359588623 0.07109858280041545 0.17619314193725585
0 0.43638279764947285 0.11582515239715577 0.032290021711368626 0.08442385196685791
0 0.4315645096692752 0.2004157066345215 0.04665675849021478 0.09789972305297852
0 0.1968480336626238 0.5183993339538574 0.07018653844112537 0.17135219573974608
0 0.8367983457635477 0.1914441168308258 0.04172198190338237 0.09665263891220092
0 0.3193382722478248 0.31690292358398436 0.0660335961791584 0.13923296928405762
0 0.35295272750599327 0.5222113609313965 0.07690016322311351 0.17031850814819335
0 0.5083589777101243 0.5540028095245362 0.06308308732150789 0.15885591506958008
0 0.4298580577939649 0.305972695350647 0.053657442430987405 0.14170446395874023
0 0.4644649913877149 0.4165017127990723 0.0823866675131297 0.13941450119018556
0 0.5364496683994663 0.4345285415649414 0.061719326669954534 0.14282712936401368
0 0.5549420284162024 0.3253428299930652 0.06652815971359097 0.08069407139360105
0 0.38290195401296967 0.31318182945251466 0.0562408600363843 0.12403221130371093
0 0.19581792187132566 0.37298998832702634 0.07337760287383727 0.14960718154907227
0 0.4648602144375294 0.03939845561981201 0.022988501201106553 0.050461757183074954
