0 0.07387606799602509 0.7136912947893143 0.08322859406471253 0.2528232777118683
0 0.23325533866882325 0.6619592154026032 0.07466516494750977 0.23973348021507263
0 0.8535761833190918 0.8550587719678879 0.08484611511230469 0.27454585433006284
0 0.3038336992263794 0.6272082459926606 0.06994156837463379 0.2552720010280609
0 0.4727333068847656 0.7243259274959564 0.08433752059936524 0.2735608506202698
0 0.6600789546966552 0.6824213701486588 0.07350988388061523 0.2708766222000122
0 0.3675896644592285 0.6301290029287339 0.06737947463989258 0.2555181014537811
0 0.21471924781799318 0.46132439851760865 0.06478400230407715 0.2128736174106598
0 0.7235664367675781 0.6343192720413208 0.08188896179199219 0.2686703872680664
0 0.5636497020721436 0.7042745220661163 0.07177085876464843 0.25445893049240115
0 0.45647201538085935 0.253356294631958 0.058432388305664065 0.1360792076587677
0 0.6030675888061523 0.3085324254631996 0.06587495803833007 0.1825604623556137
0 0.6284735679626465 0.4269344978034496 0.057012748718261716 0.22161225944757462
0 0.6081947326660156 0.1465144857764244 0.05212478637695313 0.17087490618228912
0 0.6643603801727295 0.1444650435447693 0.04142427444458008 0.17493171036243438
0 0.7445913791656494 0.41297457456588743 0.05530052185058594 0.2063508725166321
0 0.6668136596679688 0.30541824370622633 0.05884895324707031 0.10659013986587525
0 0.6730720520019531 0.4287939316034317 0.05276689529418945 0.2153698992729187
