0 0.48909058570861813 0.8912689765845522 0.07691049575805664 0.2102121210296672
0 0.42172423601150516 0.8829161826515991 0.08507173061370851 0.21432529269574244
0 0.2756209850311279 0.8767232618450952 0.06253895759582519 0.19948940488733297
0 0.8444154739379882 0.7043062620123282 0.06455459594726559 0.17069820345853468
0 0.05863656997680664 0.7130190347996895 0.05636323690414429 0.1840911225042462
0 0.3372745990753173 0.8815797651028996 0.07064099311828612 0.21295928928623908
0 0.68932466506958 0.5212498023341334 0.0419059753417969 0.13512978679429477
0 0.5140549659729003 0.6547317303830807 0.04709224700927736 0.16322666808404807
0 0.9065878868103027 0.6861151164844528 0.06517047882080083 0.17125980837500535
0 0.1434259533882141 0.735340566542542 0.048807358741760266 0.15731907710949689
0 0.6019323348999023 0.5047928515155173 0.04075775146484371 0.1324394739285918
0 0.561676025390625 0.5096485124712348 0.0391023635864258 0.12414321952322485
0 0.6666621685028077 0.40106082260195325 0.02758512496948245 0.0970364643366757
0 0.47783942222595205 0.49657203579081244 0.032999324798584 0.11644468373630648
0 0.25805349349975587 0.5485779250379078 0.044692564010620134 0.13315522012697348
0 0.5180621623992919 0.5063737472449525 0.03578109741210936 0.12936507131124175
0 0.43471693992614746 0.49224823595912043 0.03741140365600584 0.11886535464642611
0 0.6176473140716553 0.37647893372587293 0.025533199310302734 0.08221371117643449
0 0.5395737171173095 0.3912125739575094 0.028337860107421918 0.09452619354205725
0 0.631337308883667 0.45163395599915485 0.03319864273071283 0.10252121966358028
0 0.21561102214368547 0.5396275014860313 0.04693798663647911 0.13412385118349057
0 0.36954000773096246 0.47332764323055576 0.040035341542879216 0.11431010044047493
0 0.4730796841349605 0.42760360305436595 0.026230051355679494 0.041151636158570926
0 0.4282124910265614 0.2759522031366691 0.022088464299519567 0.06401365624666597
0 0.4730796841349605 0.34530033073722394 0.028991109393119465 0.04115163615857096
0 0.50138052901872 0.3978829769398424 0.030371638411839343 0.07011019493682465
0 0.5710972444640786 0.40016917894865195 0.020707935280799616 0.07163432960936429
0 0.5138052901871998 0.35749340811754127 0.027610580374399514 0.0655377909192056
0 0.46824783256944064 0.3849278322232552 0.027610580374399514 0.06248952157412629
0 0.5876635926887184 0.3338693206931765 0.031752167430559364 0.06096538690158664
0 0.4687961868164351 0.2360895814636534 0.013856044930534994 0.0509912702945256
0 0.5521633904818208 0.3179305702863669 0.020784067395802564 0.05048135759158033
0 0.5309174549216672 0.3179305702863669 0.018012858409695506 0.05354083380925184
0 0.5893437777120899 0.4002814718120257 0.01755099024534433 0.06016969894754017
0 0.519370750812888 0.29039528432732314 0.020784067395802564 0.057620135432813885
0 0.6103587791900679 0.2552113078241005 0.018936594738397858 0.054560659215142374
0 0.5928077889447235 0.256231133229991 0.016165385752290873 0.057620135432813885
0 0.5710999852202187 0.2559761768785184 0.015241649423588523 0.05711022272986862
0 0.5480065770026603 0.26285999836827934 0.015241649423588523 0.022946071632536494
0 0.3996506924868244 0.6640675213964344 0.050557666380683916 0.15561043266465951
